1680
1732
1464
1523
1001
44
1219
255
1224
810
2177
2084
2082
1998
2068
1573
1594
865
1618
1983
2024
2179
2165
1645
1736
1698
538
1746
1929
1932
1745
1734
1915
1919
1849
1850
487
1795
1169
1171
1788
1786
1177
1147
1770
1194
4
1814
1866
1874
1888
1569
1574
1864
1460
1520
1568
1457
1841
1834
1423
1068
1422
1421
1428
977
989
1480
117
986
981
987
978
1021
1003
1050
121
27
77
293
26
335
306
361
1310
360
1190
1184
65
237
235
442
1227
1176
1294
1260
407
580
226
683
701
575
223
711
831
185
174
874
714
790
806
905
886
890
808
2086
2083
2182
2178
2154
2155
2085
2066
2081
2065
2044
2042
2045
2048
2046
2047
2007
2071
2069
2070
2064
2067
2107
2101
1595
856
2106
1593
854
1619
2126
2132
2124
2127
2125
2120
771
778
2187
2181
2180
2139
2122
780
745
770
768
739
744
777
746
743
779
769
767
2136
2138
742
741
2027
1986
2049
1985
2023
2172
2156
2164
2153
2134
2162
2174
2175
1648
1646
1649
2026
2025
1647
747
565
564
724
738
728
727
561
459
731
729
730
540
228
549
684
664
658
663
1243
685
1709
1700
1697
1699
1707
1737
541
686
1683
1705
1696
1695
1701
1744
1710
1717
1742
1931
1920
1933
1713
1666
1716
1918
1917
1714
1755
1730
447
1692
1731
1733
1690
1706
1694
1693
1735
1743
464
446
445
521
525
1667
1975
1912
1974
1973
1930
1848
1715
1846
506
499
481
507
1323
1729
1738
1787
1790
1183
1322
1172
1775
1174
1173
1175
1750
1751
1752
1753
1747
1756
1727
1810
1754
1749
1164
1773
1774
1803
0
1145
1146
1144
1143
7
1140
1195
1142
1162
1168
1163
1205
1206
1193
1208
1207
1130
1128
1135
1129
2
1
25
1110
6
31
22
47
36
3
5
1800
1812
1817
1861
1862
1863
1826
1831
1839
1833
1878
1873
1860
1859
1884
1875
1880
1879
1882
1881
1883
1512
1890
1941
1942
1940
1966
1510
1961
1509
1939
1938
1937
1587
1936
1957
1570
1571
1583
1586
1999
2000
1997
1572
1996
1913
1911
1914
1916
1865
1872
1935
1603
1604
1596
857
867
858
930
1511
1508
1461
1465
1439
1441
1436
1404
1440
1431
1394
1430
46
45
1396
1405
1100
43
42
1069
1066
1067
1429
1024
1026
1028
1006
1419
1442
1443
1420
1417
1418
1410
927
929
932
933
931
948
1370
438
276
1372
120
1371
1049
116
138
133
152
119
963
980
949
907
979
960
991
975
976
946
962
999
1000
992
990
1002
1004
1005
1027
1025
92
1047
100
105
1046
1042
1045
79
90
103
109
104
80
78
291
81
61
40
41
30
28
29
37
24
67
334
312
1116
1114
1118
1123
68
66
35
1204
1192
1191
1111
1117
324
314
316
325
332
331
330
329
363
352
348
349
328
327
333
350
351
371
370
362
322
392
410
359
378
356
139
387
377
375
391
393
1213
1214
1215
1196
1189
1186
1216
1209
1126
1115
421
274
275
292
295
294
376
137
1259
254
253
188
190
428
247
256
420
233
234
239
224
466
419
1230
1212
1235
1244
1237
1236
1225
1226
1280
1281
1279
1291
408
409
1290
1265
1262
1238
1263
1258
1273
1261
1305
1293
1264
644
630
634
632
640
1275
633
641
1267
1276
1268
1266
1239
1240
1241
1242
1277
661
662
1308
456
1307
1306
1295
660
657
645
238
629
581
444
659
679
681
680
578
227
582
606
643
626
646
648
605
607
604
208
189
647
608
609
610
713
592
186
611
203
184
159
158
157
156
135
178
155
175
176
177
236
207
205
468
467
1479
556
222
574
593
707
209
709
595
710
712
792
793
803
791
789
807
805
852
855
849
853
863
851
872
910
839
909
908
906
966
965
964
967
911
840
888
889
830
829
842
912
