423
878
2
579
614
634
155
403
498
438
407
396
372
509
263
242
538
293
292
503
288
272
723
339
828
883
476
703
9
21
826
822
89
30
70
669
853
658
729
568
558
677
84
617
604
192
233
214
589
217
218
152
134
131
417
422
440
437
439
459
397
458
447
415
414
406
419
421
365
420
418
409
367
391
357
359
358
356
483
486
336
457
487
488
490
497
395
366
368
489
539
502
514
537
529
517
520
135
540
252
264
247
246
235
213
253
251
261
265
250
248
262
249
245
290
291
289
271
267
506
504
505
346
337
348
335
759
323
310
305
345
347
725
760
749
745
772
748
785
726
731
727
786
787
757
842
840
784
829
766
781
769
773
771
770
758
768
839
806
807
884
808
870
809
454
387
869
23
22
449
380
460
475
478
477
389
10
875
8
868
876
877
805
881
887
885
882
886
824
823
820
838
827
825
847
849
844
846
20
1
0
5
4
104
678
53
56
654
42
43
88
44
41
40
46
45
47
48
27
3
31
32
61
59
68
62
71
60
670
659
671
673
660
656
655
657
672
719
848
841
708
653
710
717
728
326
314
730
327
325
691
651
693
313
694
569
560
623
618
622
605
580
273
692
631
630
661
621
629
599
600
598
595
578
571
573
237
236
588
585
601
602
613
616
205
219
204
201
203
215
189
232
212
216
211
182
181
171
180
603
187
191
615
190
164
162
160
150
635
153
636
633
597
632
148
156
169
183
145
175
170
172
133
119
120
136
103
85
102
117
83
408
86
108
105
121
122
