423
501
579
614
155
403
498
438
407
366
131
372
727
509
172
538
292
293
291
503
288
272
723
339
883
476
9
21
826
828
846
822
858
30
6
86
1
70
853
729
568
677
669
604
589
233
617
215
217
602
152
192
134
421
420
440
417
437
439
459
397
458
882
447
357
405
406
422
415
419
418
409
396
391
358
359
117
355
483
486
457
487
337
488
490
497
395
367
368
539
489
502
265
528
514
537
540
517
135
246
235
213
253
247
261
249
250
252
264
251
262
263
248
245
290
289
271
267
506
504
505
347
348
759
706
323
310
305
344
334
336
346
725
745
760
773
771
772
748
726
731
785
749
842
829
784
786
841
827
840
766
770
769
768
806
807
876
875
885
881
887
886
877
884
449
809
448
389
475
460
477
808
387
380
8
22
10
23
868
804
870
869
805
820
824
823
839
825
848
847
849
844
32
4
0
5
83
19
7
75
53
678
52
63
660
658
673
56
42
43
27
47
44
46
45
2
3
48
31
59
68
671
61
71
60
659
670
62
656
655
657
651
653
654
720
711
838
709
718
703
787
728
326
314
730
327
691
325
313
694
560
618
623
622
605
580
569
273
693
692
631
630
661
621
620
629
672
599
600
598
595
596
578
571
236
237
588
585
601
613
205
204
219
201
616
188
218
189
216
214
212
211
232
203
181
180
182
171
190
187
191
615
603
164
162
160
150
636
153
635
634
633
597
632
148
156
145
169
183
133
170
175
119
136
120
103
85
121
102
408
89
104
84
88
109
108
105
122
