0.675958
1.848531
1.602209
1.296059
4.888000
3.924755
1.059861
3.367406
4.112340
4.169458
6.020481
7.153577
2.947080
7.218146
10.205923
3.939594
4.512463
5.926181
6.754154
9.697093
7.878309
7.035672
10.121283
3.029614
4.353785
6.473078
1.517856
7.732102
9.497608
9.146673
1.774010
1.717389
2.418705
3.528638
0.997017
2.831666
3.513390
7.162758
5.378018
10.694179
5.737839
7.350215
9.093897
9.544936
5.052168
4.788681
5.004135
4.664680
11.562411
2.261352
1.674574
3.528366
3.916881
6.938735
6.309765
11.699186
10.665546
4.026260
4.861109
6.263254
2.428875
3.020278
6.252364
10.782623
4.019324
11.233052
14.029897
3.724058
6.736570
9.169111
6.494405
11.186072
9.655709
4.849045
11.180892
3.998995
3.775479
2.144276
6.838975
4.557325
8.509321
10.780394
1.200570
1.849628
5.207388
5.425210
1.329859
1.812159
2.011365
3.450062
10.687940
14.809986
3.018379
3.084962
7.233038
12.227018
13.696475
12.537448
11.526103
6.741734
2.022736
2.681995
5.493337
10.162823
4.539643
9.148062
3.872397
4.981276
11.773159
4.006139
6.310815
5.234474
12.698545
4.522389
5.588083
6.195254
4.229700
11.045343
9.910115
4.010685
4.913870
4.356782
11.574443
9.490163
5.235116
2.936678
11.417498
10.558295
3.789944
4.652759
4.939068
10.261041
6.641870
9.374507
11.259349
13.774740
14.198835
13.019404
12.684829
9.522657
6.180734
10.629081
2.834927
6.072400
5.647340
11.407711
5.319525
5.643938
10.278250
4.176013
3.355658
5.309385
9.730510
4.684941
6.262464
3.362312
6.329303
2.542003
10.933934
5.999066
5.327750
8.069422
9.752641
4.262917
5.978457
7.650558
11.663036
6.141420
3.023776
5.646985
4.879115
5.060604
4.530554
7.281873
7.778677
11.488462
4.948333
5.319974
8.109738
10.649984
3.951471
9.988622
10.736151
7.094661
3.635658
4.773708
9.485344
11.268616
8.609640
12.965028
14.336565
4.978542
7.516423
3.662851
7.049848
6.097203
7.965633
6.663440
7.430712
8.164264
7.806612
4.966758
6.250367
7.873553
4.292061
7.059186
13.977735
6.184234
4.205508
4.857486
4.865473
1.875846
7.582210
10.417268
7.640115
8.426162
12.737432
14.934333
2.490269
10.271578
2.978925
11.152532
2.339721
8.034550
5.219157
4.927721
9.002849
8.568042
11.566290
9.565991
5.879742
7.337930
5.202207
5.406964
4.849355
6.523221
9.099420
6.403837
10.798637
9.009534
3.039183
5.054474
8.111124
12.202852
4.014381
5.504664
6.077153
3.557249
2.256427
4.324417
10.050950
12.198010
9.276039
8.013833
5.489848
4.302872
7.813334
5.142516
2.208055
3.313583
8.787227
12.428895
5.777422
11.495801
10.518781
2.204279
3.504740
8.416547
10.914656
4.772804
7.839211
8.749434
7.140680
6.796720
2.257016
2.525173
4.331831
3.817221
8.472968
7.220582
4.334163
10.030053
10.841848
8.695438
3.921666
7.433975
10.684214
10.867608
10.613160
11.520032
11.082697
8.809679
4.267321
5.207185
8.181164
9.684666
10.024883
10.396449
7.830068
6.151232
5.259215
7.104394
5.466771
4.681182
9.908545
3.466166
2.089852
1.931862
